0
2
8
14
17
20
22
23
24
26
28
29
33
34
36
37
38
40
43
47
48
57
61
63
64
66
67
68
218
222
282
355
362
364
368
372
388
402
408
416
429
530
532
538
543
544
551
554
555
568
569
576
581
587
594
597
602
604
607
613
615
616
618
623
630
745
758
763
764
765
766
772
773
777
779
781
786
787
788
794
803
804
807
810
812
813
816
820
821
823
830
835
838
843
844
845
846
850
851
966
969
970
971
974
975
976
977
978
985
989
991
994
995
997
998
999
1000
1001
1003
1004
1006
1039
1040
1042
1043
1046
1047
1049
1051
1055
1057
1060
1061
1064
1065
1067
1068
1070
1071
1072
1075
1167
1171
1172
1173
1175
1177
1178
1204
1212
1216
1218
1419
1422
1423
1424
1425
1426
1427
1432
1433
1434
1435
1436
1438
1439
1444
1446
1447
1449
1453
1457
1458
1459
1460
1462
1467
1470
1471
1472
1474
1475
1480
1483
1485
1488
1611
1615
1618
1621
1627
1630
1632
1636
1639
1642
1643
1649
1658
1668
1673
1674
1676
1679
1682
1684
1692
1693
1700
1703
1704
1705
1710
1711
1712
1713
1716
1721
2215
2217
2221
2222
2228
2233
2235
2237
2249
2254
2263
2264
2271
2273
2292
2294
2303
2304
2309
2312
2315
2320
2324
2327
2330
2334
2336
2337
2345
2355
2356
2357
2361
2363
2366
2368
2369
2370
2373
2380
2381
2384
2393
2397
2401
2404
2675
2679
2682
2701
2706
2724
2725
2749
2773
2811
2812
2815
2821
2827
2834
2847
2851
2872
2884
2908
2918
2923
2947
2950
2957
2967
2969
2970
2974
3001
3002
3004
3014
3023
3025
3026
3031
3038
3048
3059
3065
3067
3071
3075
3085
3096
3104
3115
3117
3127
3139
3160
3170
3173
3180
3183
3186
3190
3191
3194
3208
3212
3226
3229
3241
3244
3253
3258
3259
3260
3261
3262
3272
3280
3285
3289
3292
3297
3308
3311
3316
3323
3327
3329
3337
3343
3359
3367
3368
3378
3380
3385
3386
3388
3391
3392
3394
3396
3398
3405
3410
3414
3428
3432
3439
3440
3443
3445
3446
3447
3454
3499
3500
3501
3502
3503
3506
3508
3509
3510
3512
3513
3514
3516
3560
3561
3562
3564
3593
3597
3599
3608
3614
3615
3617
3622
3631
3633
3634
3636
3637
3639
3642
3648
3649
3650
3657
3658
3660
3661
3663
3681
3703
3719
3734
3741
3757
3819
3824
4098
4101
4102
4104
4110
4123
4124
4132
4139
4140
4142
4148
4155
4157
4159
4164
4169
4170
4175
4186
4230
4236
4240
4244
4259
4261
4265
4274
4280
4283
4298
4299
4301
4311
4316
4326
4337
4343
4350
4351
4355
4359
4365
4374
4381
4382
4394
4397
4399
4409
4413
4421
4440
4466
4471
4477
4483
4484
4488
4490
4492
4549
4556
4575
4577
4579
4583
4584
4603
4605
4621
4633
4635
4641
4645
4663
4664
4671
4692
4702
4711
4712
4717
4719
4722
4723
4737
4740
4751
4770
4784
4847
4850
4858
4859
4862
4878
4879
4880
4887
4888
4892
4894
4896
4903
4906
4921
4926
4928
4932
4933
4934
4936
4938
4939
4940
4941
4943
4944
4945
4946
5057
5069
5083
5086
5095
5119
5122
5126
5129
5139
5151
5156
5167
5183
5184
5185
5189
5201
5204
5208
5213
5225
5229
5232
5235
5468
5472
5477
5478
5481
5482
5483
5484
5485
5487
5488
5494
5501
5502
5503
5504
5505
5507
5508
5511
5513
5517
5518
5523
5529
5534
5535
5540
5541
5542
5543
5552
5665
5668
5669
5670
5672
5675
5677
5678
5679
5681
5685
5688
5692
5694
5698
5700
5706
5707
5708
5709
5718
5719
5720
5725
5728
5729
5732
5733
5734
5737
5738
5739
5743
5746
5748
5750
5752
5753
5755
5756
5761
5762
5763
5764
5765
5766
5767
5768
5769
5774
5775
5776
5777
5894
5900
5903
5908
5909
5915
5916
5919
5924
5928
5931
5934
5938
5942
5943
5948
5954
5955
5957
5959
5960
5961
5968
5970
5974
5975
5976
5977
5978
5980
5981
5993
5994
5999
6002
6004
6012
6013
6015
6016
6017
6018
6024
6032
6035
6036
6037
6038
6039
6041
6042
6043
6049
6050
6052
6053
6054
6061
6062
6066
6068
6071
6072
6076
6077
6078
6079
6082
6086
6087
6089
6090
6091
6092
6094
6095
6096
6097
6098
6100
6103
6104
6106
6108
6109
6110
6111
6112
6113
6114
6116
6117
6120
6121
6122
6123
6132
6133
6134
6135
6137
6139
6143
6144
6145
6146
6147
6148
6156
6157
6161
6164
6165
6166
6167
6173
6176
6178
6180
6181
6183
6191
6192
6198
6199
6200
6201
6202
6203
6204
6205
6206
6207
6208
6210
6212
6214
6215
6219
6221
6222
6223
6225
6230
6231
6232
6233
6235
6237
6239
6241
6243
6245
6246
6247
6248
6249
6250
6251
6253
6255
6256
6259
6260
6261
6263
6264
6267
6270
6271
6274
6275
6276
6277
6278
6279
6280
6283
6287
6289
6291
6293
6294
6296
6297
6299
6304
6305
6306
6308
6309
6310
6312
6313
6316
6317
6319
6320
6321
6322
6323
6325
6328
6330
6331
6332
6336
6337
6341
6342
6439
6440
6441
6442
6443
6444
6445
6446
6447
6448
6449
6450
6451
6452
6453
6454
6455
6456
6462
6463
6464
6465
6466
6467
6468
6473
6475
6480
6481
6482
6485
6486
6488
6489
6490
6493
6494
6495
6496
6497
6499
6500
6501
6503
6506
6507
6508
6509
6512
6513
6523
6526
6527
6531
6532
6534
6535
6538
6539
6542
6543
6545
6546
6547
6548
6549
6550
6551
6554
6555
6560
6561
6562
6563
6564
6565
6568
6572
6573
6574
6576
6580
6582
6585
6587
6590
6591
6592
6593
6594
6595
6596
6597
6601
6602
6603
6604
6607
6608
6609
6611
6612
6615
6617
6618
6620
6621
6627
6628
6631
6632
6635
6636
6638
6640
6644
6645
6646
6647
6651
6652
6653
6654
6655
6656
6659
6660
6662
6666
6667
6668
6669
6670
6672
6673
6674
6675
6678
6680
6682
6683
6684
6685
6686
6687
6688
6690
6691
6692
6693
6694
6695
6696
6697
6698
6699
6700
6701
6702
6703
6704
6709
6712
6714
6716
6717
6718
6719
6720
6721
6722
6724
6725
6727
6728
6729
6730
6731
6734
6735
6736
6740
6741
6743
6744
6745
6746
6748
6749
6750
6751
6752
6753
6754
6755
6756
6758
6760
6761
6762
6763
6764
6765
6766
6768
6769
6770
6771
6775
6776
6778
6779
6780
6781
6782
6784
6785
6786
6787
6789
6790
6792
6793
6794
6795
6797
6801
6802
6803
6804
6805
6806
6807
6809
6810
6812
6813
6814
6815
6817
6820
6821
6822
7021
7022
7023
7024
7028
7030
7034
7035
7036
7037
7038
7039
7041
7042
7044
7045
7046
7047
7048
7049
7050
7052
7053
7059
7060
7062
7063
7067
7068
7070
7071
7073
7074
7077
7078
7079
7081
7082
7083
7086
7087
7088
7089
7090
7092
7093
7094
7095
7096
7097
7098
7099
7100
7101
7108
7112
7113
7114
7116
7117
7118
7119
7120
7121
7122
7125
7126
7127
7129
7130
7132
7133
7134
7136
7138
7140
7141
7143
7144
7145
7147
7148
7149
7150
7151
7152
7154
7155
7156
7157
7159
7160
7162
7165
7166
7336
7337
7338
7343
7356
7357
7358
7359
7360
7362
7364
7365
7367
7368
7369
7371
7372
7376
7378
7380
7384
7385
7389
7391
7394
7399
7401
7402
7409
7412
7422
7425
7426
7434
7444
7445
7446
7448
7449
7455
7457
7459
7461
7463
7474
7476
7748
7751
7754
7770
7772
7785
7806
7814
7815
7816
7817
7820
7821
7834
7837
7846
7850
7854
7855
7859
7861
7863
7864
7867
7871
7873
7877
7880
7881
7882
7886
7891
7909
7922
7929
7936
7939
7941
7943
7948
7953
7956
7966
7973
7978
7985
7986
7987
7989
7990
7993
7994
7997
7998
8001
8006
8011
8012
8018
8019
8020
8021
8022
8029
8031
8033
8034
8035
8037
8040
8049
8053
8147
8153
8159
8172
8176
8179
8184
8186
8191
8196
8201
8203
8210
8211
8213
8214
8217
8221
8223
8224
8225
8227
8233
8238
8255
8259
8261
8262
8266
8270
8273
8274
8276
8277
8278
8285
8287
8293
8295
8302
8304
8312
8319
8320
8325
8326
8335
8336
8337
8340
8341
8342
8344
8348
8353
8362
8364
8368
8369
8370
8372
8373
8374
8375
8382
8384
8386
8389
8390
8392
8448
8450
8451
8452
8454
8455
8466
8468
8469
8472
8474
8475
8477
8478
8482
8484
8485
8486
8488
8490
8492
8493
8494
8495
8496
8497
8502
8503
8504
8505
8506
8526
8527
8528
8529
8531
8532
8533
8534
8535
8536
8537
8538
8561
8567
8570
8571
8572
8573
8577
8578
8582
8585
8587
8590
8591
8592
8594
8596
8597
8598
8600
8602
8603
8605
8608
8609
8682
8683
8692
8700
8703
8704
8709
8710
8712
8714
8715
8717
8731
8734
8740
8832
8833
8835
8836
8837
8840
8851
8852
8856
8857
8858
8859
8860
8861
8862
8863
8864
8868
8869
8871
8876
8877
8878
8880
8881
8882
8883
8884
8885
8886
8889
8891
8892
8894
8895
8896
8897
8899
8901
8902
8903
8904
8905
8906
8907
8947
8950
8954
8956
8957
8958
8959
8960
8962
8965
8966
8967
8968
8971
8972
8973
8974
8975
8977
8979
8982
8983
8984
8985
8986
8989
8990
8994
8999
9003
9004
9005
9006
9096
9099
9100
9101
9102
9104
9107
9110
9119
9124
9125
9126
9127
9131
9134
9137
9142
9143
9145
9147
9149
9150
9160
9162
9166
9168
9172
9173
9174
9178
9179
9180
9186
9187
9188
9189
9190
9191
9192
9193
9195
9196
9197
9201
9202
9204
9205
9206
9211
9213
9214
9215
9216
9219
9221
9222
9223
9224
9225
9230
9231
9233
9234
9235
9236
9242
9243
9245
9248
9249
9250
9251
9254
9255
9256
9257
9258
9259
9262
9263
9267
9268
9270
9271
9272
9273
9275
9276
9278
9280
9281
9282
9283
9287
9288
9292
9296
9297
9299
9332
9333
9337
9338
9342
9343
9344
9345
9346
9352
9353
9354
9355
9364
9367
9368
9369
9370
9472
9478
9486
9493
9501
9503
9511
9517
9522
9523
9526
9527
9532
9533
9536
9544
9545
9551
9559
9562
9563
9568
9569
9570
9572
9575
9631
9632
9635
9638
9639
9641
9642
9643
9644
9645
9650
9651
9653
9654
9656
9657
9658
9659
9660
9662
9663
9664
9665
9666
9667
9668
9671
9674
9675
9676
9678
9679
9680
9681
9683
9684
9685
9688
9689
9691
9693
9694
9695
9696
9697
9698
9699
9700
9701
9702
9704
9705
9706
9707
9709
9710
9712
9713
9714
9716
9738
9740
9742
9743
9745
9746
9747
9748
9749
9750
9751
9752
9753
9754
9755
9756
9757
9758
9759
9760
9765
9768
9769
9770
9771
9774
9775
9777
9778
9779
9780
9781
9782
9784
9786
9787
9788
9790
9792
9849
9854
9855
9860
9864
9865
9869
9874
9880
9881
9882
9885
9886
9888
9889
9890
9893
9894
9895
9896
9900
9901
9904
9905
9906
9907
9908
9909
9914
9918
9919
9920
9943
9944
9945
9947
9948
9949
9950
9951
9952
9953
9954
9955
9957
9958
9959
9960
9961
9962
9965
9993
9994
10011
10012
10013
10024
10026
10036
10038
10046
10055
10068
10069
10074
10076
10078
10082
10087
10089
10090
10091
10094
10103
10104
10107
10108
10117
10122
10131
10188
10199
10201
10203
10204
10207
10209
10211
10212
10217
10218
10220
10221
10226
10229
10231
10234
10236
10243
10245
10250
10251
10254
10255
10256
10259
10261
10263
10268
10269
10274
10275
10289
10290
10291
10333
10334
10341
10347
10348
10351
10352
10363
10419
10420
10422
10424
10425
10426
10427
10428
10433
10434
10437
10438
10439
10441
10444
10445
10446
10448
10449
10450
10451
10452
10453
10454
10455
10456
10457
10458
10460
10461
10462
10463
10464
10465
10466
10467
10468
10469
10470
10473
10474
10475
10476
10477
10519
10521
10528
10529
10530
10531
10534
10541
10542
10543
10548
10550
10553
10554
10556
10562
10563
10569
10631
10632
10648
10652
10653
10654
10659
10664
10670
10676
10679
10686
10687
10701
10708
10710
10718
10722
10726
10727
10728
10733
10738
10739
10741
10743
10747
10748
10751
10763
10766
10767
10771
10772
10775
10776
10777
10780
10782
10795
10965
10966
10972
10973
10976
10978
10979
10984
10990
10991
10993
10996
10998
10999
11003
11007
11009
11012
11016
11017
11022
11024
11025
11026
11027
11028
11029
11030
11031
11032
11035
11036
11037
11043
11047
11051
11052
11054
11055
11056
11059
11060
11061
11062
11063
11064
11065
11066
11067
11068
11069
11070
11071
11072
11075
11076
11077
11079
11081
11082
11085
11086
11087
11088
11089
11090
11091
11094
11095
11100
11107
11108
11109
11113
11114
11115
11117
11118
11119
11120
11121
11134
11135
11137
11138
11139
11140
11141
11142
11143
11144
11145
11146
11147
11148
11149
11150
11151
11152
11153
11156
11157
11158
11160
11161
11162
11164
11165
11167
11168
11169
11172
11173
11174
11175
11176
11177
11178
11180
11181
11182
11183
11184
11185
11186
11188
11189
11190
11193
11195
11196
11197
11199
11200
11201
11202
11203
11204
11205
11208
11209
11210
11211
11212
11213
11214
11215
11216
11217
11218
11219
11220
11221
11222
11223
11224
11225
11226
11227
11234
11235
11237
11238
11239
11240
11241
11242
11243
11244
11245
11246
11247
11248
11249
11250
11294
11297
11299
11300
11304
11305
11308
11309
11310
11314
11315
11318
11320
11321
11322
11323
11328
11329
11330
11333
11334
11335
11336
11337
11339
11340
11343
11347
11348
11349
11350
11351
11352
11353
11355
11359
11361
11362
11376
11382
11383
11384
11387
11388
11389
11390
11391
11392
11395
11399
11400
11441
11445
11447
11450
11452
11455
11457
11458
11459
11460
11463
11465
11475
11476
11478
11479
11480
11481
11482
11483
11484
11487
11488
11504
11505
11506
11507
11508
11509
11510
11511
11512
11513
11514
11515
11516
11517
11518
11519
11520
11524
11529
11590
11591
11592
11597
11598
11601
11608
11611
11630
11632
11637
11641
11646
11650
11654
11660
11661
11662
11663
11669
11671
11672
11677
11682
11688
11695
11700
11703
11704
11705
11706
11709
11715
11724
11733
11742
11822
11823
11825
11826
11827
11829
11830
11831
11832
11833
11834
11835
11836
11842
11843
11844
11847
11848
11849
11850
11851
11852
11854
11855
11856
11858
11861
11862
11866
11867
11868
11869
11872
11874
11875
11876
11878
11880
11881
11882
11883
11884
11886
11887
11889
11893
11894
11895
11898
11900
11901
11902
11903
11905
11907
11908
11909
11910
11911
11912
11913
11914
11920
11921
11922
11923
11924
11925
11926
11927
11941
11942
11945
11946
11947
11948
11949
11951
11953
11954
11955
11958
11959
11961
11968
11973
11982
11983
11988
11989
11990
11993
11998
12000
12003
12006
12007
12013
12016
12017
12021
12022
12023
12024
12025
12026
12028
12029
12030
12031
12372
12373
12381
12383
12386
12396
12397
12398
12402
12407
12415
12421
12426
12427
12430
12431
12433
12438
12440
12447
12448
12452
12453
12455
12456
12461
12463
12464
12465
12470
12472
12474
12475
12479
12481
12482
12487
12496
12502
12503
12504
12508
12509
12512
12513
12514
12515
12517
12520
12522
12523
12525
12529
12531
12533
12534
12538
12539
12540
12543
12545
12547
12548
12549
12551
12556
12557
12558
12569
12586
12591
12593
12595
12598
12600
12602
12604
12608
12609
12610
12611
12612
12614
12616
12618
12619
12620
12621
12622
12627
12628
12635
12638
12640
12641
12642
12643
12645
12648
12649
12650
12653
12661
12663
12666
12668
12675
12676
12678
12679
12683
12684
12685
12689
12690
12695
12697
12698
12699
12705
12708
12710
12711
12719
12722
12723
12728
12732
12733
12735
12736
12739
12744
12750
12758
12765
12771
12776
12779
12781
12782
12785
12790
12799
12800
12824
12825
12826
12827
12832
12835
12836
12837
12839
12840
12841
12842
12844
12849
12850
12852
12854
12855
12856
12857
12858
12862
12865
12866
12867
12868
12869
12875
12876
12884
12885
12890
12891
12892
12894
12895
12896
12897
12902
12903
12905
12906
12909
12911
12912
12915
12916
12921
12922
12932
12936
12937
12939
12941
12943
12945
12946
12947
12950
12951
12952
12953
12954
12955
12956
12959
12961
12962
12963
12968
12969
12970
13109
13113
13119
13126
13129
13134
13137
13138
13142
13155
13156
13157
13159
13162
13163
13167
13172
13187
13207
13210
13216
13217
13234
13235
13237
13239
13247
13256
13262
13263
13271
13275
13279
13280
13282
13284
13285
13286
13287
13290
13292
13293
13296
13306
13330
13336
13338
13340
13343
13346
13348
13351
13354
13357
13361
13371
13374
13386
13387
13389
13390
13392
13399
13408
13409
13410
13422
13423
13424
13432
13433
13436
13437
13438
13442
13456
13459
13468
13472
13476
13479
13483
13484
13485
13486
13491
13505
13523
13524
13525
13527
13529
13530
13531
13532
13534
13535
13536
13537
13540
13542
13544
13545
13546
13547
13548
13550
13551
13552
13553
13554
13555
13556
13557
13558
13559
13560
13563
13564
13565
13566
13567
13568
13569
13570
13571
13572
13592
13593
13594
13595
13598
13599
13600
13601
13602
13605
13606
13607
13608
13609
13613
13614
13615
13617
13619
13624
13629
13631
13633
13634
13637
13638
13639
13640
13641
13642
13646
13651
13652
13654
13656
13661
13662
13663
13665
13667
13670
13671
13672
13674
13675
13676
13677
13678
13679
13680
13684
13685
13687
13688
13690
13693
13694
13695
13697
13698
13699
13705
13706
13707
13708
13709
13715
13716
13717
13718
13719
13720
13721
13722
13723
13724
13725
13726
13727
13728
13729
13730
13731
13733
13734
13735
13736
13737
13739
13755
13756
13757
13758
13759
13760
13761
13762
13763
13764
13765
13766
13767
13768
13769
13770
13771
13772
13773
13774
13775
13776
13777
13778
13779
13780
13781
13782
13783
13784
13785
13786
13787
13788
13789
13790
13791
13792
13793
13794
13795
13796
13797
13798
13799
13800
13805
13806
13807
13808
13809
13810
13811
13812
13813
13814
13815
13816
13817
13818
13819
13820
13821
13822
13823
13824
13825
13826
13827
13828
13829
13830
13831
13832
13833
13834
13835
13836
13837
13838
13839
13840
13841
13842
13843
13844
13845
13846
13847
13848
13849
13850
13851
13852
13853
13854
13855
13856
13857
13858
13859
13860
13861
13862
13863
13864
13865
13866
13867
13868
13869
13870
13871
13872
13873
13874
13875
13876
13877
13878
13879
13880
13881
13882
13883
13884
13885
13886
13887
13888
13889
13890
13891
13892
13893
13894
13895
13896
13897
13898
13899
13900
13901
13919
13920
13921
13924
13926
13927
13930
13932
13933
13934
13957
13958
13959
13960
13961
13962
13963
13964
13965
13966
13967
13968
13969
13970
13974
13975
13976
13977
13978
13979
13981
13982
13983
13984
13987
13988
13989
13990
13992
13993
13998
13999
14000
14001
14002
14014
14015
14016
14017
14018
14019
14020
14021
14022
14023
14024
14026
14027
14028
14029
14030
14031
14032
14033
14034
14035
14036
14037
14038
14039
14040
14041
14042
14043
14044
14045
14046
14047
14048
14049
14050
14051
14052
14053
14054
14055
14056
14057
14058
14059
14060
14061
14062
14063
14064
14065
14066
14067
14072
14073
14076
14077
14078
14079
14080
14081
14082
14083
14084
14085
14087
14088
14089
14090
14091
14092
14093
14094
14095
14096
14101
14102
14103
14104
14105
14106
14107
14111
14112
14113
14114
14115
14116
14117
14119
14120
14121
14122
14123
14124
14127
14130
14133
14134
14135
14136
14137
14141
14142
14143
14144
14145
14146
14147
14149
14151
14152
14154
14156
14157
14158
14162
14163
14164
14165
14166
14168
14169
14170
14172
14181
14185
14186
14188
14190
14191
14193
14195
14197
14235
14244
14245
14252
14253
14254
14255
14256
14259
14260
14261
14269
14270
14272
14273
14285
14297
14298
14302
14303
14305
14306
14307
14310
14311
14319
14322
14323
14325
14326
14327
14331
14332
14333
14334
14335
14336
14337
14339
14340
14342
14345
14346
14351
14352
14356
14358
14360
14365
14366
14367
14368
14417
14418
14419
14423
14425
14426
14427
14428
14430
14431
14432
14433
14434
14435
14436
14442
14443
14444
14446
14448
14450
14451
14452
14453
14454
14455
14456
14457
14458
14463
14465
14467
14468
14469
14474
14475
14477
14481
14482
14484
14485
14486
14490
14492
14495
14496
14497
14498
14499
14500
14501
14502
14504
14505
14506
14507
14508
14509
14510
14512
14513
14514
14515
14517
14518
14519
14522
14534
14542
14543
14546
14547
14548
14549
14550
14551
14552
14553
14554
14555
14558
14559
14560
14561
14563
14564
14565
14566
14567
14568
14569
14570
14571
14572
14573
14575
14576
14614
14615
14616
14619
14620
14621
14622
14625
14626
14627
14628
14629
14630
14631
14636
14637
14638
14639
14640
14641
14642
14643
14644
14645
14646
14647
14648
14649
14651
14652
14653
14654
14655
14656
