549
554
571
585
591
963
971
975
994
1000
1581
1686
1716
1719
1849
1853
1855
1856
1857
1883
2396
2397
2398
2399
2400
2401
2402
2403
2405
2406
2407
2408
2409
2410
2411
2412
2413
2414
2488
2490
2522
2534
2557
2558
2560
2562
2569
2573
2579
2586
2593
2596
2598
2689
2708
2780
2825
2826
2838
2853
2856
2857
2859
2898
2910
2911
3023
3025
3088
3097
3110
3144
3145
3149
3151
3165
3167
3234
3305
3307
3346
3347
3352
3354
3356
3359
3365
3366
3369
3370
3372
3387
3388
3389
3390
3391
3430
3439
3463
3468
3494
3512
3517
3535
3549
3705
3713
3739
3755
3764
3777
3790
3841
3852
3912
3921
3937
3938
3942
4015
4017
4036
4044
4045
4097
4147
4153
4155
4161
4165
4167
4181
4193
4214
4215
4235
4236
4238
4240
4243
4300
4302
4305
4306
4310
4315
4318
4321
4355
4356
4414
4427
4434
4441
4465
4484
4489
4492
4511
4521
4544
4551
4627
4642
4673
4706
4710
4713
4779
4876
4913
4929
4931
4943
5049
5050
5051
5052
5053
5054
5056
5066
5069
5070
5091
5100
5153
5155
5437
5440
5441
5442
5444
5447
5448
5450
5456
5457
5461
5464
5465
5466
5469
5471
5472
5474
5475
5478
5482
5488
5630
5631
5632
5633
5634
5635
5636
5637
5638
5639
5640
5641
5642
5643
5644
5645
5646
5647
5648
5649
5650
5651
5652
5654
5655
5656
5657
5658
5659
5660
5661
5662
5663
5664
5665
5666
5667
5668
5669
5670
5671
5672
5674
5675
5676
5677
5678
5679
5680
5681
5682
5683
5684
5685
5686
5687
5689
5690
5691
5692
5693
5694
5696
5701
5721
5730
5743
5798
5802
5822
5824
5825
5827
5844
5849
5896
5907
5932
5933
5958
5996
6000
6015
6017
6022
6030
6042
6205
6207
6208
6215
6222
6251
6258
6298
6299
6343
6346
6348
6349
6350
6351
6352
6354
6362
6369
6418
6419
6423
6427
6428
6453
6457
6473
6474
6496
6498
6518
6523
6535
6548
6549
6569
6570
6574
6579
6636
6641
6644
6648
6649
6650
6651
6652
6655
6667
6669
6670
6671
6698
6700
6701
6702
6745
6751
6772
6773
6774
6775
6776
6793
6798
6824
6825
6861
6873
6876
6879
6891
6892
6901
6902
6908
6910
6942
6946
6947
6950
6953
6962
6979
6980
6982
6996
6997
7055
7056
7058
7061
7064
7075
7081
7084
7097
7098
7129
7132
7147
7155
7156
7167
7170
7191
7208
7209
7229
7249
7252
7265
7268
7274
7275
7277
7282
7352
7372
7374
7375
7376
7386
7390
7392
7394
7399
7411
7420
7422
7427
7462
7463
7465
7466
7468
7469
7470
7471
7472
7476
7483
7485
7494
7495
7497
7498
7508
7509
7512
7514
7517
7518
7519
7520
7521
7543
7549
7553
7554
7555
7556
7573
7575
7581
7628
7629
7632
7633
7702
7703
7704
7706
7707
7708
7709
7710
7711
7712
7713
7714
7715
7716
7718
7719
7721
7723
7724
7725
7726
7728
7767
7770
7772
7820
7822
7823
7824
7825
7827
7828
7854
7857
7876
7877
7880
7914
7917
7918
7925
7928
7934
7957
8019
8020
8023
8024
8026
8027
8029
8031
8034
8036
8037
8040
8042
8043
8044
8046
8047
8054
8120
8122
8123
8124
8125
8126
8127
8128
8129
8130
8131
8132
8133
8134
8135
8136
8137
8138
8139
8140
8141
8143
8145
8146
8147
8149
8151
8155
8174
8176
8183
8204
8206
8209
8215
8218
8220
8221
8224
8225
8227
8228
8229
8232
8233
8234
8238
8240
8241
8243
8245
8246
8248
8249
8252
8253
8258
8259
8260
8262
8264
8266
8267
8268
8272
8274
8276
8279
8280
8287
8288
8290
8291
8293
8294
8297
8299
8307
8322
8326
8329
8341
8396
8402
8408
8411
8412
8420
8424
8426
8455
8456
8457
8458
8464
8472
8473
8481
8484
8556
8582
8583
8584
8585
8586
8587
8588
8592
8627
8628
8648
8652
8654
8665
8670
8678
8696
8698
8699
8700
8701
8702
8720
8729
8731
8732
8733
8735
8736
8738
8741
8742
8743
8745
8746
8747
8748
8749
8750
8751
8753
8754
8755
8757
8759
8767
8768
8776
8778
8781
8782
8786
8787
8788
8800
8822
8844
8845
8872
8874
8875
8880
8881
8882
8894
8896
8897
8898
8910
8941
8943
8944
8948
8952
8957
8960
8961
8965
8966
8967
9000
9013
9016
9019
9024
9025
9040
9041
9044
9045
9046
9047
9049
9051
9052
9069
9071
9072
9079
9095
9119
9120
9121
9122
9131
9132
9136
9142
9143
9144
9145
9148
9149
9151
9153
9173
9178
9180
9181
9207
9208
9212
9216
9217
9219
9220
9221
9223
9225
9230
9231
9232
9233
9234
9235
9261
9262
9272
9283
9284
9285
9287
9288
9299
9301
9302
9303
9306
9308
9315
9318
9319
9326
9327
9332
9333
9335
9337
9338
9345
9346
9355
9356
9358
9360
9362
9363
9364
9367
9368
9369
9370
9371
9373
9387
9388
9403
9532
9533
9534
9535
9545
9549
9553
9554
9582
9583
9584
9585
9586
9587
9588
9589
9591
9593
9637
9640
9652
9653
9654
9655
9668
9671
9674
9701
9706
9715
9725
9732
9741
9748
9749
9754
9755
9756
9759
9761
9767
9768
9773
9824
9841
9842
9843
9844
9859
9861
9864
9866
9867
9868
9869
9872
9873
9877
9878
9890
9891
9893
9894
9895
9907
9924
9930
9932
9933
9934
9935
9948
9950
9951
9952
9957
9961
9983
9987
9991
9994
10000
10002
10043
10090
10091
10092
10093
10094
10095
10096
10097
10098
10099
10100
10101
10102
10103
10104
10111
10112
10117
10119
10124
10127
10134
10135
10136
10145
10156
10158
10161
10166
10167
10170
10203
10205
10207
10209
10210
10211
10215
10218
10220
10221
10232
10247
10249
10250
10251
10252
10261
10262
10263
10265
10276
10277
10279
10281
10293
10297
10301
10302
10303
10305
10306
10308
10316
10327
10328
10330
10340
10345
10348
10363
10364
10373
10397
10399
10400
10401
10403
10413
10414
10416
10418
10422
10433
10434
10448
10449
10450
10464
10467
10475
10477
10479
10480
10488
10492
10493
10494
10502
10519
10520
10521
10522
10527
10539
10540
10543
10544
10546
10549
10552
10553
10556
10557
10560
10568
10587
10599
10613
10618
10629
10634
10637
10638
10689
10690
10710
10712
10713
10714
10716
10717
10718
10719
10722
10723
10725
10726
10727
10737
10739
10740
10746
10747
10748
10749
10750
10751
10752
10753
10754
10755
10761
10768
10770
10777
10778
10779
10780
10781
10782
10783
10784
10787
10788
10792
10793
10795
10799
10801
10828
10831
10832
10859
10860
10861
10862
10924
10925
10928
10929
10930
10934
10936
10937
10939
10951
11017
11018
11019
11020
11021
11022
11024
11026
11027
11028
11032
11034
11036
11037
11038
11039
11040
11042
11043
11044
11045
11046
11047
11048
11049
11050
11051
11054
11064
11068
11070
11079
11081
11104
11114
11117
11118
11120
11127
11128
11129
11130
11131
11132
11133
11134
11135
11136
11137
11138
11140
11141
11142
11143
11157
11159
11180
11181
11182
11183
11184
11185
11186
11187
11188
11190
11191
11193
11194
11195
11196
11197
11198
11200
11201
11202
11203
11205
11206
11211
11214
11223
11224
11238
11243
11246
11247
11251
11255
11263
11264
11265
11266
11273
11291
11292
11305
11306
11312
11323
11327
11355
11388
11389
11390
11392
11401
11402
11403
11405
11424
11430
11433
11436
11440
11456
11459
11462
11463
11464
11477
11480
11482
11485
11487
11488
11489
11490
11491
11502
11507
11508
11509
11510
11517
11518
11526
11527
11536
11546
11568
11571
11573
11574
11576
11578
11579
11589
11595
11632
11633
11636
11640
11641
11642
11671
11683
11718
11723
11726
11727
11728
11731
11733
11738
11739
11751
11752
11759
11763
11764
11767
11794
11798
11801
11802
11805
11832
11834
11835
11836
11838
11839
11840
11841
11843
11852
11880
11881
11894
11897
11898
11902
11906
11907
11909
11910
11911
11919
11920
11921
11922
11924
11928
11931
11935
11938
11939
11940
11943
11945
11946
11947
11948
11950
11951
11952
11954
11956
11957
11959
11960
11965
11974
11982
11983
11984
11985
11986
11987
11988
11990
11991
11996
11997
11998
12000
12003
12004
12005
12015
12021
12022
12024
12025
12029
12031
12034
12037
12041
12046
12048
12059
12072
12074
12085
12087
12088
12090
12098
12103
12104
12105
12118
12123
12124
12134
12135
12140
12145
12151
12154
12155
12158
12167
12171
12178
12202
12203
12204
12206
12207
12208
12209
12211
12215
12222
12235
12239
12241
12249
12253
12258
12259
12261
12278
12284
12285
12289
12306
12307
12308
12313
12332
12334
12346
12347
12354
12360
12367
12369
12374
12381
12384
12390
12402
12403
12404
12414
12417
12428
12429
12432
12433
12443
12455
12458
12465
12466
12489
12498
12511
12512
12513
12516
12517
12527
12531
12535
12538
12540
12542
12545
12546
12547
12552
12554
12559
12561
12562
12565
12566
12624
12632
12633
12643
12651
12659
12666
12672
12673
12674
12677
12697
12698
12702
12704
12705
12706
12711
12712
12713
12714
12718
12730
12751
12759
12761
12762
12765
12771
12803
12804
12805
12806
12807
12808
12809
12810
12812
12813
12814
12816
12817
12818
12819
12820
12838
12840
12841
12842
12852
12853
12855
12860
12866
12867
12901
12906
12920
12921
12922
12923
12924
12925
12926
12927
12928
12930
12931
12932
12933
12934
12935
12936
12937
12938
12948
12952
12955
12959
12960
12964
12978
12983
13011
13014
13026
13029
13030
13040
13041
13043
13044
13047
13048
13130
13134
13136
13137
13164
13165
13166
13167
13168
13169
13170
13171
13172
13173
13174
13175
13176
13177
13178
13179
13180
13184
13185
13186
13188
13214
13217
13218
13221
13222
13223
13224
13230
13231
13235
13239
13243
13244
13245
13246
13248
13256
13258
13259
13262
13263
13264
13265
13266
13267
13269
13273
13304
13313
13322
13329
13353
13355
13363
13373
13374
13376
13389
13407
13412
13413
13420
13423
13424
13425
13427
13436
13438
13439
13463
13466
13472
13475
13480
13485
13490
13516
13517
13522
13523
13529
13530
13564
13565
13567
13568
13569
13570
13571
13572
13573
13574
13575
13576
13577
13579
13580
13582
13583
13585
13586
13588
13591
13592
13593
13594
13595
13597
13598
13599
13600
13601
13603
13604
13605
13607
13611
13612
13616
13617
13618
13619
13620
13622
13630
13635
13727
13728
13729
13730
13732
13734
13735
13736
13737
13738
13739
13741
13743
13747
13752
13753
13758
13759
13762
13763
13769
13770
13775
13780
13782
13789
13794
13796
13797
13801
13807
13813
13819
13830
13831
13834
14117
14118
14119
14120
14121
14122
14123
14124
14125
14126
14127
14128
14129
14130
14131
14132
14133
14134
14135
14136
14137
14138
14139
14140
14141
14142
14143
14144
14145
14146
14147
14148
14149
14150
14151
14152
14153
14154
14155
14156
14157
14158
14159
14160
14161
14162
14163
14164
14165
14166
14167
14168
14169
14170
14171
14172
14174
14175
14176
14177
14178
14179
14180
14181
14182
14183
14184
14185
14186
14187
14188
14189
14190
14191
14192
14193
14194
14195
14196
14197
14199
14200
14201
14202
14203
14204
14205
14206
14207
14208
14209
14210
14211
14212
14213
14214
14215
14216
14217
14218
14219
14220
14221
14222
14223
14224
14225
14226
14227
14228
14229
14230
14231
14232
14233
14234
14235
14236
14237
14238
14239
14240
14241
14242
14243
14244
14245
14246
14247
14248
14249
14250
14251
14252
14253
14254
14256
14257
14258
14260
14261
14262
14263
14264
14265
14266
14268
14269
14270
14271
14272
14273
14274
14275
14276
14277
14278
14279
14280
14281
14282
14283
14284
14285
14286
14287
14288
14289
14290
14291
14292
14293
14294
14295
14296
14297
14298
14299
14300
14301
14302
14303
14304
14305
14306
14307
14308
14309
14310
14311
14312
14313
14314
14315
14316
14317
14318
14319
14320
14321
14322
14323
14324
14325
14326
14327
14328
14329
14330
14331
14332
14333
14334
14336
14337
14338
14339
14340
14341
14342
14343
14344
14345
14346
14347
14348
14349
14350
14351
14352
14353
14354
14355
14356
14357
14358
14359
14360
14361
14362
14363
14364
14365
14366
14367
14368
14369
14370
14371
14372
14373
14374
14375
14376
14377
14378
14380
14381
14382
14383
14384
14385
14386
14387
14388
14389
14390
14391
14392
14393
14394
14395
14396
14397
14398
14399
14400
14401
14402
14403
14404
14405
14406
14407
14408
14409
14410
14411
14412
14413
14414
14415
14416
14417
14418
14419
14420
14421
14422
14423
14424
14425
14426
14427
14428
14429
14430
14431
14432
14433
14434
14435
14436
14437
14438
14439
14440
14441
14442
14444
14445
14446
14447
14448
14449
14450
14452
14453
14454
14455
14456
14457
14458
14459
14460
14461
14462
14463
14464
14465
14466
14467
14468
14469
14470
14471
14472
14474
14475
14476
14477
14508
14509
14510
14513
14514
14516
14520
14522
14523
14528
14568
14569
14570
14571
14572
14573
14574
14575
14582
14583
14595
14597
14599
14601
14620
14639
14642
14643
14644
14646
14647
14651
14661
14662
14665
14666
14667
14670
14671
14672
14673
14674
14684
14689
14690
14702
14703
14708
14709
14710
14711
14716
14717
14731
14734
14736
14737
14738
14740
14747
14748
14751
14756
14758
14775
14777
14793
14808
14824
14827
14828
14829
14832
14834
14836
14838
14840
14849
14851
14854
14859
14864
14865
14866
14868
14878
14886
14889
14896
14905
14909
14913
14916
14920
14922
14924
14925
14926
14936
14937
14938
14940
14942
14943
14944
14948
14949
14950
14952
14954
14956
14957
14958
14962
14963
14964
14965
14966
14967
14968
14975
14976
14978
14979
14980
15008
15010
15015
15016
15024
15025
15026
15089
15090
15091
15093
15094
15095
15098
15100
15102
15105
15106
15109
15110
15111
15114
15121
15124
15292
15293
15294
15295
15296
15297
15298
15299
15300
15301
15302
15303
15304
15305
15306
15307
15308
15309
15310
15311
15312
15313
15314
15315
15316
15317
15318
15319
15320
15321
15322
15323
15324
15325
15326
15327
15328
15329
15330
15331
15332
15333
15334
15335
15336
15337
15338
15339
15340
15341
15342
15343
15344
15345
15346
15347
15348
15349
15350
15351
15352
15353
15354
15355
15356
15357
15358
15359
15360
15361
15362
15363
15364
15366
15367
15368
15369
15370
15371
15372
15373
15374
15375
15376
15377
15378
15379
15380
15381
15382
15383
15384
15385
15386
15387
15388
15390
15392
15393
15394
15395
15396
15397
15398
15399
15400
15401
15402
15403
15404
15405
15406
15407
15408
15409
15410
15411
15412
15413
15414
15416
15417
15418
15419
15420
15421
15422
15423
15425
15430
15436
15437
15447
15448
15449
15450
15451
15452
15453
15454
15455
15456
15457
15459
15461
15462
15467
15469
15479
15483
15484
15485
15489
15498
15500
15539
15582
15583
15584
15585
15586
15595
15597
15600
15605
15614
15615
15616
15617
15618
15620
15630
15634
15641
15643
15644
15647
15676
15682
15685
15706
15708
15740
15886
15894
15895
15896
15897
15898
15899
15900
15901
15902
15903
15904
15909
15911
15920
15930
15932
15933
15938
15941
15943
15945
15949
15950
15953
15955
15960
15962
15966
15989
15990
16006
16008
16016
16028
16048
16049
16054
16058
16067
16071
16078
16081
16084
16091
16092
16101
16103
16112
16125
16128
16129
16131
16134
16138
16139
16147
16149
16150
16153
16154
16160
16161
16163
16165
16171
16173
16174
16175
16176
16186
16187
16188
16189
16192
16194
16198
16203
16204
16205
16206
16219
16220
16238
16240
16248
16249
16258
16262
16277
16278
16281
16283
16300
16301
16305
16307
16308
16324
16330
16334
16336
16349
16350
16352
16355
16361
16370
16372
16387
16399
16401
16413
16414
16415
16416
16417
16419
16420
16421
16422
16424
16425
16426
16427
16428
16437
16446
16453
16455
16457
16458
16459
16482
16484
16486
16487
16488
16489
16490
16492
16494
16496
16497
16499
16500
16501
16503
16504
16505
16506
16508
16509
16510
16511
16512
16513
16514
16515
16518
16519
16520
16521
16522
16524
16525
16526
16527
16528
16537
16538
16541
16542
16543
16547
16548
16549
16557
16562
16565
16568
16570
16575
16576
16580
16582
16584
16585
16588
16590
16601
16603
16604
16605
16606
16607
16608
16609
16610
16621
16622
16623
16624
16627
16628
16629
16630
16632
16633
16634
16636
16637
16638
16640
16644
16647
16653
16659
16661
16662
16669
16682
16684
16685
16686
16703
16704
16706
16709
16710
16724
16725
16726
16727
16728
16729
16731
16732
16763
16765
16775
16777
16781
16784
16786
16789
16792
16800
16802
16803
16812
16846
16847
16849
16854
16856
16857
16859
16864
16868
16869
16871
16872
16873
16874
16876
16877
16878
16879
16880
16881
16883
16884
16885
16890
16891
16903
16904
16905
16906
16907
16908
16909
16910
16911
16912
16913
16914
16915
16916
16917
16918
16919
16920
16921
16922
16923
16924
16925
16926
16927
16928
16929
16930
16931
16932
16933
16934
16935
16937
16938
16939
16940
16941
16942
16943
16948
16951
16952
16953
16961
16962
16964
16973
16974
16975
16976
16978
16994
17002
17003
17007
17008
17009
17010
17011
17012
17013
17014
17055
17059
17060
17061
17070
17076
17101
17158
17179
17182
17183
17188
17191
17193
17199
17200
17215
17216
17220
17223
17237
17250
17261
17262
17264
17265
17267
17268
17270
17279
17291
17293
17316
17317
17319
17321
17322
17324
17325
17328
17329
17332
17333
17334
17339
17340
17342
17366
17367
17368
17371
17372
17379
17380
17382
17383
17384
17385
17387
17388
17389
17390
17391
17392
17394
17395
17396
17405
17406
17415
17416
17449
17450
17455
17456
17462
17463
17465
17469
17470
17473
17474
17479
17480
17481
17483
17484
17510
17511
17512
17513
17514
17515
17516
17517
17518
17523
17524
17528
17529
17531
17534
17535
17539
17545
17563
17564
17566
17567
17568
17584
17589
17590
17598
17599
17600
17601
17604
17615
17624
17628
17629
17631
17645
17648
17652
17653
17683
17684
17687
17688
17689
17691
17692
17697
17698
17707
17709
17720
17735
17736
17749
17750
17751
17752
17753
17754
17756
17758
17760
17761
17772
17785
17786
17787
17788
17790
17791
17796
17797
17803
17805
17806
17818
17819
17820
17822
17827
17830
17832
17865
17870
17872
17876
17885
17893
17894
17898
17903
17904
17905
17920
17921
17924
17925
17968
17971
17975
17978
17979
17981
17982
17983
17985
17986
17988
17989
17990
17994
17997
17998
18001
18023
18025
18029
18036
18039
18042
18043
18065
18066
18079
18080
18081
18082
18084
18085
18087
18088
18089
18090
18091
18093
18106
18107
18109
18110
18112
18114
18115
18124
18178
18236
18237
18239
18241
18242
18243
18244
18245
18246
18249
18250
18251
18253
18254
18257
18261
18262
18263
18264
18265
18266
18267
18268
18269
18270
18271
18272
18273
18274
18275
18276
18277
18278
18279
18283
18284
18290
18291
18292
18295
18308
18309
18360
18362
18365
18368
18369
18370
18371
18372
18380
18390
18397
18399
18400
18414
18415
18427
18428
18436
18437
18438
18440
18441
18445
18450
18451
18454
18467
18470
18481
18486
18489
18490
18498
18499
18500
18501
18502
18503
18504
18505
18506
18513
18514
18515
18521
18523
18528
18530
18533
18534
18535
18536
18544
18553
18557
18565
18573
18585
18588
18594
18597
18602
18610
18612
18617
18621
18623
18626
18636
18642
18644
18645
18647
18650
18655
18667
18669
18670
18671
18673
18685
18693
18718
18721
18734
18735
18737
18739
18741
18742
18748
18752
18758
18759
18760
18764
18767
18768
18769
18776
18780
18783
18788
18789
18792
18794
18795
18797
18800
18802
18804
18806
18807
18810
18812
18816
18818
18822
18823
18830
18832
18834
18836
18837
18846
18847
18855
18856
18859
18861
18878
18879
18880
18881
18882
18885
18887
18896
18905
18908
18914
18915
18920
18929
18931
18932
18934
18943
18944
18946
18947
18949
18952
18964
18967
18970
18982
18985
18989
19007
19013
19016
19026
19027
19028
19031
19033
19039
19048
19050
19054
19082
19083
19085
19086
19091
19092
19093
19096
19098
19099
19100
19101
19102
19103
19104
19105
19106
19107
19111
19114
19115
19117
19118
19121
19122
19123
19126
19127
19130
19131
19132
19138
19140
19142
19143
19144
19145
19146
19147
19149
19150
19188
19189
19190
19191
19192
19193
19194
19195
19196
19197
19198
19199
19200
19201
19202
19203
19204
19205
19206
19207
19208
19209
19210
19211
19212
19213
19214
19215
19216
19217
19218
19219
19220
19221
19223
19224
19225
19226
19227
19228
19229
19232
19240
19245
19265
19267
19271
19272
19274
19275
19276
19279
19281
19282
19284
19288
19289
19290
19291
19295
19296
19298
19299
19310
19312
19313
19316
19317
19323
19324
19325
19327
19328
19329
19332
19340
19341
19343
19349
19350
19352
19369
19370
19372
19383
19385
19387
19390
19391
19405
19413
19428
19432
19441
19444
19445
19446
19447
19451
19452
19453
19456
19468
19477
19480
19483
19509
19510
19512
19513
19595
19597
19598
19599
19600
19601
19602
19603
19604
19605
19606
19607
19609
19614
19618
19619
19622
19633
19637
19640
19643
19644
19645
19652
19662
19663
19807
19808
19809
19810
19811
19812
19813
19814
19815
19816
19817
19818
19819
19820
19821
19822
19823
19824
19825
19826
19827
19828
19829
19830
19831
19832
19833
19834
19835
19836
19837
19838
19839
19845
19846
19847
19848
19849
19850
19851
19852
19853
19854
19855
19856
19857
19858
19859
19860
19861
19862
19863
19864
19865
19866
19867
19868
19869
19870
19871
19872
19873
19874
19875
19876
19877
19878
19879
19880
19881
19882
19883
19884
19885
19886
19887
19888
19889
19890
19891
19892
19893
19894
19895
19896
19897
19898
19899
19900
19901
19902
19903
19904
19905
19906
19907
19908
19909
19910
19911
19912
19913
19914
19915
19916
19917
19918
19919
19920
19921
19922
19923
19924
19925
19926
19927
19928
19929
19930
19931
19932
19933
19934
19935
19940
19941
19942
19944
19951
19953
19955
19957
19959
19964
19965
19966
19971
19975
19978
19992
19993
19995
19998
20002
20003
20006
20013
20014
20015
20028
20030
20044
20047
20052
20058
20061
20062
20063
20064
20067
20068
20069
20073
20074
20089
20091
20093
20094
20107
20109
20110
20111
20112
20113
20114
20115
20116
20118
20119
20123
20125
20134
20135
20136
20139
20141
20145
20156
20157
20158
20165
20169
20174
20176
20178
20189
20193
20195
20198
20203
20226
20228
20249
20251
20255
20256
20260
20261
20262
20270
20290
20291
20310
20316
20317
20319
20322
20328
20349
20350
20352
20353
20355
20356
20357
20358
20369
20371
20372
20382
20383
20416
20420
20422
20424
20425
20428
20431
20433
20434
20437
20438
20439
20440
20441
20442
20443
20444
20454
20467
20469
20470
20471
20473
20474
20481
20486
20487
20498
20501
20507
20508
20509
20511
20514
20523
20524
20526
20527
20530
20532
20545
20549
20550
20551
20552
20553
20554
20555
20556
20559
20560
20564
20573
20576
20588
20589
20590
20591
20593
20595
20596
20597
20598
20599
20600
20643
20645
20646
20648
20652
20653
20654
20657
20658
20661
20663
20671
20672
20673
20674
20675
20678
20686
20688
20689
20690
20693
20703
20706
20709
20711
20712
20713
20714
20715
20716
20718
20729
20738
20751
20752
20759
20773
20776
20784
20786
20793
20799
20800
20803
20804
20805
20806
20810
20811
20812
20813
20814
20821
20822
20824
20825
20834
20839
20841
20843
20844
20847
20854
20855
20856
20860
20861
20862
20865
20866
20870
20878
20879
20880
20881
20887
20888
20903
20906
20908
20910
20911
20915
20919
20921
20922
20923
20925
20927
20930
20931
20932
20940
20948
20952
20953
20967
20979
20980
20988
20991
20993
20995
21017
21018
21019
21020
21021
21022
21023
21024
21026
21029
21030
21032
21034
21035
21036
21037
21038
21039
21041
21044
21049
21053
21054
21055
21057
21058
21059
21061
21063
21064
21065
21067
21068
21071
21072
21073
21084
21086
21087
21088
21090
21093
21097
21098
21099
21102
21104
21105
21110
21123
21124
21126
21127
21133
21138
21141
21144
21146
21147
21148
21150
21152
21167
21171
21176
21177
21179
21188
21189
21191
21194
21196
21200
21201
21203
21213
21214
21215
21219
21220
21222
21223
21224
21225
21226
21229
21230
21237
21238
21245
21249
21258
21259
21271
21272
21273
21274
21281
21286
21292
21295
21298
21300
21303
21306
21308
21310
21313
21322
21323
21324
21327
21329
21330
21331
21332
21333
21334
21344
21352
21353
21354
21355
21361
21362
21363
21364
21365
21368
21369
21370
21371
21373
21374
21376
21377
21378
21379
21380
21382
21383
21386
21388
21389
21390
21393
21398
21407
21413
21416
21418
21420
21421
21422
21425
21428
21429
21431
21438
21439
21440
21441
21442
21443
21444
21467
21468
21469
21476
21491
21492
21496
21497
21499
21508
21509
21510
21515
21519
21522
21524
21540
21541
21542
21543
21545
21551
21554
21558
21569
21570
21574
21586
21610
21611
21612
21613
21639
21640
21641
21642
21651
21652
21654
21656
21657
21658
21659
21660
21661
21662
21663
21664
21682
21683
21684
21686
21687
21688
21689
21690
21691
21692
21693
21694
21695
21696
21697
21698
21699
21700
21701
21718
21722
21744
21746
21748
21749
21751
21760
21766
21767
21768
21776
21781
21782
21796
21797
21798
21799
21800
21803
21816
21817
21818
21819
21820
21821
21822
21825
21827
21831
21833
21834
21835
21851
21852
21853
21858
21859
21860
21864
21865
21866
21870
21875
21877
21878
21881
21885
21898
21899
21911
21912
21913
21914
21915
21916
21918
21919
21920
21924
21925
21926
21928
21935
21938
21939
21940
21943
21945
21946
21951
21952
21953
21958
21960
21969
21980
21981
21982
21986
21991
21994
21998
22001
22008
22009
22012
22013
22015
22016
22017
22018
22023
22024
22025
22027
22028
22032
22036
22049
22050
22053
22054
22060
22062
22065
22068
22078
22086
22093
22097
22100
22102
22108
22109
22110
22111
22112
22115
22127
22128
22140
22145
22146
22147
22152
22153
22163
22164
22166
22168
22169
22170
22172
22183
22189
22190
22191
22192
22193
22194
22202
22203
22206
22209
22230
22232
22233
22234
22236
22237
22238
22240
22241
22242
22243
22244
22245
22246
22260
22261
22270
22271
22279
22288
22289
22290
22291
22293
22294
22304
22309
22312
22322
22330
22333
22335
22336
22340
22355
22356
22357
22361
22362
22364
22368
22374
22390
22408
22411
22413
22418
22419
22421
22422
22423
22435
22439
22441
22443
22463
22467
22469
22470
22473
22477
22480
22483
22484
22487
22488
22492
22499
22502
22503
22504
22506
22513
22514
22517
22520
22522
22529
22540
22541
22542
22543
22552
22555
22557
22560
22561
22565
22572
22573
22574
22575
22576
22579
22580
22581
22582
22583
22587
22589
22590
22594
22595
22598
22603
22604
22607
22608
22609
22610
22621
22622
22623
22624
22625
22626
22627
22628
22629
22630
22631
22632
22633
22634
22635
22636
22637
22638
22639
22640
22644
22657
22661
22663
22670
22685
22691
22692
22693
22700
22701
22702
22703
22705
22706
22708
22709
22711
22712
22713
22714
22715
22732
22737
22738
22739
22740
22743
22744
22747
22749
22751
22758
22761
22768
22770
22781
22784
22785
22786
22788
22791
22792
22793
22801
22803
22806
22807
22809
22811
22812
22816
22823
22824
22826
22836
22846
22848
22849
22850
22851
22852
22857
22858
22859
22863
22864
22867
22881
22882
22884
22893
22895
22902
22904
22905
22906
22909
22914
22924
22925
22929
22931
22932
22933
22934
22935
22937
22940
22948
22949
22950
22951
22952
22954
22955
22957
22958
22960
22968
22975
22977
22978
22979
22988
22993
22997
22998
23007
23013
23016
23018
23019
23026
23027
23043
23044
23045
23048
23056
23062
23066
23074
23075
23076
23077
23078
23079
23080
23081
23089
23090
23091
23095
23096
23097
23098
23099
23102
23109
23132
23150
23151
23154
23165
23167
23168
23169
23171
23175
23176
23180
23181
23182
23185
23186
23187
23188
23189
23190
23192
23194
23197
23198
23202
23207
23209
23210
23211
23212
23215
23220
23221
23223
23224
23225
23226
23230
23232
23237
23238
23252
23253
23254
23255
23257
23259
23262
23263
23264
23265
23268
23270
23272
23285
23286
23289
23291
23296
23297
23298
23301
23302
23309
23310
23313
23317
23322
23323
23326
23329
23336
23337
23344
23346
23347
23350
23351
23352
23353
23354
23357
23371
23372
23373
23374
23375
23376
23377
23378
23379
23380
23381
23382
23383
23385
23387
23388
23391
23392
23395
23396
23397
23403
23408
23421
23422
23424
23425
23431
23432
23433
23434
23436
23437
23438
23441
23442
23443
23445
23452
23453
23454
23455
23456
23457
23458
23459
23460
23461
23462
23463
23464
23465
23469
23473
23474
23475
23476
23478
23479
23483
23484
23485
23486
23488
23490
23493
23522
23525
23526
23527
23528
23531
23543
23547
23551
23555
23556
23557
23558
23559
23561
23563
23564
23565
23571
23573
23575
23583
23594
23597
23605
23607
23610
23617
23618
23619
23631
23632
23633
23634
23636
23638
23643
23644
23647
23648
23655
23656
23659
23663
23664
23668
23674
23675
23689
23690
23691
23694
23695
23696
23697
23698
23699
23701
23710
23711
23714
23716
23719
23735
23736
23741
23744
23745
23749
23750
23751
23752
23753
23754
23755
23756
23758
23760
23761
23762
23763
23768
23771
23776
23781
23782
23783
23784
23786
23787
23788
23789
23794
23796
23797
23818
23826
23829
23842
23843
23849
23851
23852
23853
23855
23857
23858
23862
23863
23864
23865
23867
23869
23875
23877
23878
23879
23891
23892
23904
23905
23906
23907
23908
23909
23911
23913
23919
23920
23921
23922
23923
23929
23930
23934
23935
23941
23942
23945
23947
23959
23960
23961
23962
23963
23964
23965
23967
23968
23969
23970
23973
23974
23975
23976
23977
23979
23986
23987
23991
23992
23993
23995
23996
23997
23998
23999
24000
24001
24002
24004
24005
24006
24008
24015
24020
24021
24027
24033
24034
24040
24042
24043
24044
24048
24049
24051
24058
24060
24066
24070
24075
24076
24077
24078
24080
24089
24093
24094
24095
24096
24097
24102
24103
24106
24107
24112
24113
24114
24121
24122
24125
24127
24131
24132
24133
24134
24135
24136
24137
24138
24139
24140
24141
24149
24154
24156
24167
24174
24175
24176
24183
24184
24185
24186
24187
24188
24189
24192
24193
24196
24198
24204
24205
24206
24208
24209
24211
24213
24214
24215
24216
24217
24227
24239
24240
24244
24249
24253
24254
24255
24256
24257
24264
24266
24269
24271
24272
24276
24290
24295
24298
24300
24307
24308
24309
24310
24311
24312
24314
24332
24337
24339
24343
24344
24345
24349
24352
24354
24355
24356
24357
24361
24369
24371
24386
24387
24389
24391
24393
24398
24402
24404
24410
24411
24412
24413
24419
24420
24424
24428
24429
24430
24431
24432
24433
24442
24443
24444
24445
24450
24452
24455
24462
24463
24468
24469
24471
24472
24485
24494
24498
24500
24501
24502
24505
24506
24509
24519
24520
24523
24527
24528
24533
24540
24544
24562
24563
24564
24565
24567
24568
24569
24571
24572
24573
24574
24575
24576
24577
24578
24579
24580
24583
24589
24590
24591
24592
24593
24626
24627
24629
24630
24633
24635
24637
24640
24641
24643
24645
24646
24647
24648
24650
24651
24653
24654
24655
24656
24657
24658
24659
24660
24661
24662
24663
24670
24672
24673
24674
24676
24677
24678
24679
24681
24682
24684
24685
24686
24687
24688
24689
24692
24693
24696
24697
24698
24700
24701
24717
24745
24747
24760
24769
24772
24777
24778
24782
24787
24794
24796
24797
24798
24809
24810
24812
24819
24821
24828
24831
24832
24837
24839
24843
24852
24853
24855
24858
24859
24864
24865
24867
24868
24870
24874
24875
24876
24877
24883
24885
24886
24887
24888
24891
24894
24896
24900
24906
24907
24913
24914
24936
24938
24939
24941
24947
24948
24952
24953
24954
24955
24956
24958
24959
24960
24962
24963
24964
24977
24981
24983
24984
24985
24986
24987
24988
24991
24992
24993
24997
24998
24999
25003
25005
25015
25018
25019
25020
25022
25023
25025
25027
25030
25032
25038
25046
25057
25058
25059
25061
25064
25066
25069
25070
25078
25079
25080
25083
25084
25085
25087
25090
25091
25106
25111
25116
25123
25124
25130
25140
25144
25145
25151
25152
25155
25158
25159
25160
25161
25162
25163
25164
25165
25166
25167
25168
25172
25174
25179
25180
25185
25186
25187
25188
25189
25190
25191
25195
25197
25201
25202
25203
25204
25206
25211
25213
25217
25218
25219
25221
25222
25223
25230
25251
25254
25263
25266
25267
25268
25269
25270
25271
25273
25274
25275
25276
25277
25278
25279
25280
25281
25282
25284
25286
25287
25288
25291
25292
25293
25294
25296
25297
25309
25311
25312
25313
25328
25329
25331
25332
25333
25334
25335
25336
25337
25338
25339
25340
25341
25342
25343
25344
25345
25346
25347
25357
25361
25371
25372
25373
25374
25375
25376
25377
25378
25379
25380
25386
25390
25391
25392
25394
25397
25398
25399
25401
25402
25403
25410
25411
25412
25414
25419
25420
25422
25423
25424
25425
25431
25432
25433
25436
25437
25438
25441
25443
25447
25448
25449
25450
25451
25458
25471
25472
25473
25474
25482
25483
25487
25490
25492
25499
25509
25510
25511
25512
25514
25518
25519
25520
25527
25528
25536
25537
25544
25546
25549
25553
25555
25559
25563
25566
25567
25569
25571
25575
25576
25577
25579
25581
25582
25583
25584
25585
25586
25590
25591
25594
25595
25604
25605
25607
25608
25609
25610
25615
25617
25618
25626
25628
25629
25630
25634
25636
25640
25641
25642
25650
25652
25656
25659
25661
25662
25664
25669
25670
25671
25672
25673
25675
25676
25677
25678
25679
25680
25681
25683
25689
25692
25693
25698
25702
25703
25704
25705
25706
25710
25711
25712
25713
25717
25718
25728
25735
25740
25762
25763
25771
25779
25780
25783
25784
25792
25800
25801
25802
25803
25806
25807
25808
25809
25810
25817
25819
25820
25821
25822
25823
25824
25825
25826
25828
25829
25831
25859
25860
25866
25871
25874
25875
25876
25878
25881
25928
25930
25932
25933
25934
25938
25940
25942
25944
25946
25947
25948
25949
25950
25951
25952
25955
25957
25958
25960
25965
25968
25969
25971
25974
25975
25976
25977
25979
25981
25982
25985
25987
25988
25989
25990
25991
25992
25993
25994
25995
25996
25997
25998
26000
26001
26002
26004
26005
26006
26007
26008
26009
26012
26013
26015
26016
26017
26018
26019
26020
26022
26023
26024
26027
26064
26065
26066
26067
26068
26069
26070
26071
26073
26074
26075
26076
26077
26078
26079
26080
26081
26082
26083
26084
26085
26086
26088
26089
26090
26091
26092
26093
26094
26095
26096
26097
26098
26099
26100
26101
26103
26104
26105
26106
26107
26108
26110
26111
26112
26113
26114
26115
26116
26117
26118
26119
26120
26121
26122
26123
26124
26125
26127
26128
26129
26130
26131
26132
26133
26134
26135
26136
26137
26138
26139
26140
26141
26142
26143
26144
26145
26147
26148
26149
26150
26151
26152
26153
26154
26155
26156
26157
26158
26159
26160
26161
26162
26163
26164
26165
26166
26167
26168
26169
26170
26171
26172
26173
26174
26176
26177
26178
26179
26180
26181
26182
26183
26184
26185
26186
26187
26188
26189
26190
26191
26192
26193
26194
26195
26196
26198
26199
26205
26206
26207
26209
26210
26211
26215
26217
26219
26262
26265
26268
26269
26270
26272
26273
26275
26276
26278
26279
26280
26281
26284
26285
26286
26287
26288
26289
26290
26291
26292
26293
26294
26296
26297
26298
26300
26301
26302
26303
26306
26307
26308
26309
26310
26311
26312
26313
26314
26317
26318
26319
26320
26321
26322
26323
26324
26325
26327
26329
26330
26331
26332
26333
26334
26335
26336
26337
26338
26339
26340
26341
26342
26343
26344
26345
26346
26347
26348
26349
26350
26351
26352
26353
26354
26355
26356
26357
26358
26359
26360
26361
26362
26364
26366
26367
26368
26369
26371
26386
26387
26388
26389
26390
26391
26392
26393
26394
26395
26396
26397
26398
26399
26400
26401
26402
26403
26404
26405
26406
26407
26408
26409
26410
26411
26412
26413
26414
26415
26416
26417
26418
26419
26420
26421
26422
26423
26424
26425
26426
26428
26429
26438
26440
26441
26442
26443
26444
26446
26450
26452
26454
26456
26458
26459
26460
26462
26468
26469
26470
26475
26481
26482
26484
26486
26492
26503
26504
26506
26520
26522
26524
26527
26541
26543
26546
26569
26581
26585
26586
26587
26589
26590
26591
26596
26597
26600
26603
26605
26606
26613
26614
26615
26616
26618
26619
26620
26622
26623
26626
26629
26630
26643
26645
26646
26648
26677
26678
26679
26680
26681
26682
26683
26691
26692
26693
26694
26695
26701
26702
26706
26707
26708
26712
26716
26717
26718
26730
26731
26732
26733
26734
26735
26736
26737
26738
26740
26742
26743
26744
26745
26747
26748
26749
26750
26751
26752
26754
26755
26756
26757
26759
26760
26761
26762
26765
26766
26767
26768
26771
26772
26773
26774
26775
26776
26777
26778
26779
26780
26781
26782
26783
26784
26785
26786
26787
26788
26792
26793
26794
26795
26801
26803
26806
26808
26809
26810
26814
26816
26817
26823
26832
26834
26836
26837
26839
26840
26842
26846
26849
26850
26852
26881
26882
26883
26884
26885
26889
26891
26892
26894
26895
26899
26907
26909
26910
26911
26936
26937
26938
26940
26941
26944
26947
26948
26949
26950
26951
26952
26954
26956
26959
26960
26962
26965
26966
26979
26980
26981
26982
26983
26984
26985
26986
26987
26988
26989
27018
27023
27024
27025
27026
27030
27031
27033
27034
27038
27039
27040
27043
27044
27049
27051
27062
27063
27064
27065
27066
27067
27068
27069
27070
27071
27072
27073
27074
27075
27076
27077
27078
27079
27080
27081
27082
27083
27092
27093
27094
27095
27096
27097
27098
27101
27103
27106
27110
27112
27117
27118
27119
27120
27121
27125
27126
27127
27128
27129
27132
27136
27139
27140
27149
27152
27153
27154
27156
27157
27158
27159
27165
27166
27169
27172
27177
27179
27184
27185
27190
27193
27198
27200
27201
27204
27205
27206
27208
27209
27210
27211
27214
27215
27216
27218
27219
27220
27221
27222
27223
27224
27226
27228
27229
27230
27235
27240
27244
27247
27248
27250
27252
27256
27257
27262
27272
27273
27274
27276
27277
27278
27279
27284
27301
27302
27303
27314
27329
27351
27359
27363
27369
27370
27371
27372
27373
27374
27376
27390
27391
27392
27393
27395
27398
27399
27400
27401
27402
27403
27405
27406
27407
27408
27409
27413
27419
27420
27421
27426
27427
27429
27432
27433
27434
27435
27439
27443
27446
27455
27456
27461
27462
27463
27464
27465
27466
27467
27468
27469
27474
27479
27480
27481
27488
27489
27490
27491
27492
27493
27494
27495
27496
27497
27498
27499
27500
27501
27502
27503
27504
27506
27507
27509
27510
27511
27512
27513
27514
27515
27517
27520
27522
27525
27526
27529
27535
27536
27537
27538
27540
27541
27542
27543
27544
27545
27546
27547
27548
27549
27550
27551
27553
27554
27556
27561
27565
27570
27571
27572
27576
27582
27583
27584
27585
27586
27599
27600
27604
27606
27611
27613
27614
27615
27617
27619
27621
27623
27624
27631
27633
27635
27639
27641
27642
27645
27646
27647
27648
27650
27651
27652
27653
27655
27656
27657
27662
27668
27670
27671
27672
27673
27674
27681
27682
27684
27685
27687
27688
27700
27723
27725
27726
27727
27740
27741
27742
27743
27744
27745
27746
27750
27752
27753
27756
27758
27761
27762
27763
27765
27766
27769
27770
27772
27773
27775
27778
27780
27781
27789
27794
27795
27796
27798
27800
27801
27802
27810
27811
27812
27817
27818
27819
27820
27821
27822
27823
27824
27825
27826
27835
27836
27837
27838
27839
27841
27865
27866
27870
27871
27872
27873
27875
27876
27878
27879
27880
27881
27882
27885
27886
27894
27897
27898
27900
27901
27903
27904
27911
27912
27913
27915
27916
27917
27918
27919
27920
27921
27922
27923
27924
27925
27926
27927
27928
27929
27930
27931
27932
27933
27934
27935
27936
27937
27938
27939
27940
27941
27942
27943
27944
27945
27947
27948
27953
27954
27955
27958
27959
27960
27961
27963
27965
27966
27970
27972
27974
27975
27976
27977
27978
27979
27980
27983
27988
27989
27990
27991
27995
27997
27998
28001
28003
28004
28007
28008
28009
28012
28014
28016
28020
28026
28027
28028
28029
28030
28031
28032
28033
28034
28035
28036
28037
28045
28048
28049
28057
28064
28065
28066
28067
28068
28072
28074
28076
28077
28079
28084
28085
28093
28094
28096
28097
28098
28099
28102
28103
28105
28106
28115
28116
28118
28127
28128
28130
28131
28132
28137
28139
28140
28143
28149
28150
28157
28162
28164
28165
28168
28170
28172
28173
28175
28176
28177
28178
28179
28181
28182
28184
28185
28187
28190
28192
28196
28198
28200
28203
28204
28205
28206
28207
28208
28209
28210
28212
28213
28214
28215
28216
28217
28218
28220
28222
28228
28230
28236
28238
28243
28247
28248
28249
28250
28251
28252
28253
28258
28266
28267
28276
28277
28278
28279
28281
28282
28284
28285
28286
28288
28290
28292
28298
28303
28304
28305
28306
28307
28308
28311
28313
28315
28316
28320
28323
28325
28330
28332
28336
28342
28343
28345
28348
28352
28356
28358
28359
28363
28364
28366
28369
28370
28371
28372
28375
28379
28380
28381
28382
28384
28388
28391
28393
28395
28396
28397
28398
28402
28411
28414
28415
28416
28417
28419
28420
28424
28444
28445
28446
28448
28449
28450
28451
28452
28453
28454
28455
28456
28457
28458
28460
28461
28462
28463
28464
28465
28466
28467
28468
28471
28472
28498
28499
28500
28501
28516
28519
28523
28527
28529
28532
28537
28551
28552
28553
28554
28555
28556
28557
28558
28559
28560
28561
28562
28563
28564
28569
28574
28576
28579
28583
28585
28586
28587
28588
28595
28597
28604
28605
28618
28619
28620
28621
28626
28627
28629
28631
28632
28634
28635
28636
28638
28639
28655
28656
28657
28658
28659
28660
28661
28662
28663
28664
28665
28667
28669
28670
28673
28676
28677
28679
28686
28690
28695
28697
28698
28699
28700
28704
28705
28706
28711
28712
28714
28718
28719
28723
28724
28736
28737
28738
28740
28743
28744
28745
28747
28749
28750
28751
28755
28761
28762
28765
28766
28768
28770
28771
28772
28778
28783
28786
28826
28838
28842
28843
28845
28857
28859
28889
28894
28896
28898
28901
28902
28903
28904
28905
28928
28929
28932
28934
28935
28939
28942
28945
28949
28978
28979
28980
28981
28982
28983
28984
28985
28986
28987
28988
28989
28990
28991
28992
28993
28994
28995
28996
28997
28998
28999
29000
29001
29002
29003
29004
29005
29006
29008
29009
29010
29013
29014
29025
29027
29029
29032
29041
29042
29043
29044
29090
29091
29093
29150
29151
29152
29153
29154
29155
29158
29159
29160
29170
29179
29182
29183
29185
29198
29200
29201
29202
29203
29204
29221
29238
29239
29240
29241
29242
29245
29248
29249
29250
29252
29254
29260
29261
29265
29266
29267
29268
29274
29279
29284
29285
29290
29291
29293
29297
29298
29299
29306
29313
29315
29316
29317
29318
29321
29322
29328
29333
29341
29343
29346
29348
29350
29351
29356
29358
29360
29361
29362
29364
29365
29373
29374
29375
29377
29378
29379
29381
29383
29388
29389
29390
29392
29393
29394
29396
29397
29398
29406
29407
29408
29409
29412
29414
29416
29417
29431
29433
29434
29435
29437
29438
29440
29441
29442
29443
29444
29446
29447
29449
29450
29452
29453
29454
29455
29456
29457
29458
29459
29462
29463
29464
29465
29469
29470
29471
29472
29473
29474
29475
29477
29478
29479
29480
29484
29488
29491
29492
29493
29494
29495
29497
29500
29501
29502
29509
29512
29513
29514
29515
29516
29517
29518
29520
29522
29525
29527
29529
29531
29535
29536
29544
29546
29547
29550
29571
29573
29574
29575
29576
29577
29578
29579
29580
29581
29582
29583
29584
29585
29587
29588
29589
29590
29591
29592
29594
29597
29598
29599
29600
29602
29603
29604
29605
29606
29607
29608
29609
29610
29611
29612
29614
29615
29616
29617
29618
29619
29620
29621
29625
29626
29630
29631
29640
29643
29644
29645
29646
29652
29653
29655
29656
29657
29659
29661
29662
29667
29668
29669
29671
29673
29674
29680
29684
29685
29686
29689
29690
29693
29694
29695
29696
29697
29698
29699
29704
29705
29707
29708
29712
29716
29717
29718
29721
29723
29724
29725
29731
29732
29733
29734
29735
29736
29737
29739
29740
29746
29747
29748
29749
29764
29765
29766
29768
29769
29771
29775
29776
29780
29781
29783
29784
29786
29789
29792
29793
29795
29796
29797
29798
29801
29802
29805
29809
29810
29811
29812
29814
29816
29817
29820
29825
29830
29832
29833
29834
29839
29840
29849
29853
29871
29873
29874
29875
29876
29877
29878
29879
29880
29882
29883
29884
29885
29888
29893
29896
29898
29904
29905
29908
29911
29912
29914
29915
29916
29917
29919
29920
29921
29924
29925
29926
29930
29932
29933
29934
29935
29937
29938
29939
29940
29941
29943
29945
29946
29947
29949
29951
29952
29953
29954
29955
29956
29957
29958
29959
29960
29961
29962
29964
29966
29978
29979
29980
29981
29982
29983
29984
29985
29986
29987
29989
29990
29992
29993
29994
29995
29998
30001
30002
30005
30011
30016
30019
30023
30030
30041
30050
30051
30052
30053
30054
30056
30057
30059
30060
30061
30062
30063
30065
30074
30078
30080
30081
30087
30093
30094
30096
30097
30099
30104
30105
30106
30109
30112
30117
30123
30124
30125
30126
30128
30132
30134
30135
30136
30145
30146
30147
30148
30149
30153
30154
30155
30156
30157
30158
30161
30163
30165
30166
30168
30170
30171
30174
30181
30184
30185
30186
30189
30194
30195
30196
30198
30199
30204
30207
30208
30209
30210
30211
30214
30217
30219
30222
30224
30225
30232
30233
30234
30235
30237
30238
30239
30240
30242
30244
30246
30247
30248
30253
30254
30255
30257
30259
30260
30262
30263
30265
30266
30267
30269
30270
30272
30274
30275
30277
30278
30279
30281
30283
30284
30285
30287
30291
30292
30293
30294
30295
30296
30297
30298
30299
30300
30301
30306
30308
30317
30320
30321
30322
30329
30330
30333
30338
30348
30352
30355
30356
30357
30358
30359
30362
30363
30370
30373
30374
30381
30382
30385
30386
30387
30388
30389
30391
30393
30394
30397
30398
30403
30404
30405
30407
30408
30409
30410
30411
30413
30414
30415
30416
30417
30418
30422
30423
30424
30425
30426
30427
30430
30431
30432
30434
30437
30441
30442
30443
30444
30445
30447
30448
30453
30454
30456
30462
30463
30471
30478
30479
30480
30482
30483
30485
30486
30499
30500
30501
30503
30504
30505
30506
30508
30510
30511
30512
30515
30519
30520
30525
30530
30532
30533
30534
30537
30538
30539
30542
30543
30545
30546
30548
30550
30551
30553
30554
30555
30556
30557
30558
30571
30572
30577
30578
30579
30580
30582
30583
30586
30589
30590
30595
30596
30597
30598
30601
30605
30612
30613
30614
30615
30616
30620
30621
30622
30624
30625
30626
30628
30635
30636
30638
30639
30640
30644
30645
30646
30647
30649
30650
30651
30652
30656
30661
30665
30666
30670
30672
30674
30675
30678
30679
30680
30682
30686
30687
30688
30693
30694
30695
30696
30697
30701
30702
30703
30706
30707
30708
30709
30712
30713
30714
30715
30717
30725
30727
30728
30729
30731
30732
30733
30734
30736
30739
30744
30746
30747
30749
30750
30751
30752
30753
30754
30755
30768
30772
30775
30776
30782
30787
30788
30791
30793
30794
30795
30796
30798
30799
30800
30801
30802
30803
30804
30805
30807
30808
30809
30816
30819
30820
30821
30822
30824
30825
30827
30828
30829
30830
30835
30836
30838
30839
30840
30843
30844
30848
30849
30852
30857
30860
30861
30863
30865
30873
30875
30877
30878
30880
30881
30884
30885
30889
30895
30898
30899
30900
30902
30903
30904
30905
30906
30907
30908
30909
30910
30915
30916
30917
30918
30921
30922
30923
30924
30926
30927
30937
30940
30941
30942
30943
30946
30947
30948
30949
30950
30952
30953
30954
30962
30963
30964
30965
30966
30971
30972
30974
30975
30982
30983
30988
30992
30993
30998
30999
31002
31003
31004
31005
31010
31013
31017
31018
31020
31022
31026
31029
31030
31032
31033
31035
31044
31048
31049
31051
31052
31053
31056
31060
31061
31063
31064
31070
31071
31074
31075
31077
31079
31081
31083
