11
12
15
18
37
43
74
114
209
210
215
287
292
335
911
918
1096
1119
1145
1206
1386
1466
1560
1581
1834
358
447
550
585
602
607
608
613
624
638
668
674
692
801
875
883
891
892
2842
3031
3071
3183
3230
2079
2195
2269
2457
2470
2569
2596
3451
3453
3570
3650
3709
3729
3748
3798
3820
3853
3856
3935
3974
3984
4008
4010
4015
4022
4024
4035
33
35
42
47
49
52
70
81
90
138
145
153
154
160
179
183
192
205
216
233
234
241
244
255
256
267
279
282
286
301
305
316
2814
904
1065
1176
1224
1233
1262
1270
1276
1326
1394
1395
1430
1558
1690
1755
1854
2704
2740
377
379
383
386
401
443
468
581
642
648
1967
699
744
749
750
757
775
841
859
860
2788
2857
3006
3125
3134
3268
3282
3407
3408
2382
2541
3589
3688
3704
3732
3746
3801
3807
3808
3846
3854
3875
3879
3885
3922
3942
3959
3983
3987
4001
4006
4012
4028
4029
4032
4034
4036
61
71
76
97
112
120
124
155
157
164
174
182
191
207
228
240
247
253
270
293
294
307
321
336
899
1002
1027
1034
1046
1071
1105
1194
1208
1252
1253
1353
1362
1546
1586
1627
1693
1760
1890
356
411
448
453
454
499
571
656
660
667
743
785
854
2691
2714
2722
2792
2798
2808
2860
2922
2952
2975
2998
3037
3121
3375
3413
2106
2168
2178
2380
2442
2481
2483
2527
2595
3467
3560
3575
3582
3597
3689
3691
3699
3717
3733
3744
3811
3816
3928
3954
3955
3991
3992
3996
3999
4005
4033
125
166
190
193
201
202
206
220
230
262
283
288
289
327
2838
2885
3003
3290
945
996
1022
1031
1133
1157
1200
1240
1383
1442
1474
1510
1651
1711
1713
1762
1797
1856
464
351
384
406
437
467
472
498
530
532
552
572
652
673
3989
4011
717
788
790
798
825
832
851
852
855
864
865
866
868
877
879
884
893
894
2971
2855
2963
3143
3271
1937
1969
1996
2015
2017
2204
2421
2422
2437
2441
2565
2634
3444
3477
3494
3537
3544
3565
3588
3619
3637
3653
3673
3686
3694
3742
3765
3781
3849
3865
3882
3887
3897
3910
3939
3946
3952
3953
3965
3978
3990
4007
4016
